{
    "info": "Jarak antar titik dalam km menggunakan formula Haversine. Index 0 adalah Hub.",
    "node_count": 13,
    "node_labels": [
        "Hub - Gudang Pusat",
        "Pelanggan 01 - Cicendo",
        "Pelanggan 02 - Coblong",
        "Pelanggan 03 - Sukasari",
        "Pelanggan 04 - Cidadap",
        "Pelanggan 05 - Cibeunying",
        "Pelanggan 06 - Batununggal",
        "Pelanggan 07 - Buahbatu",
        "Pelanggan 08 - Rancasari",
        "Pelanggan 09 - Antapani",
        "Pelanggan 10 - Arcamanik",
        "Pelanggan 11 - Ujungberung",
        "Pelanggan 12 - Cibiru"
    ],
    "matrix": [
        [
            0.0,
            2.64,
            2.51,
            4.39,
            5.89,
            3.37,
            4.03,
            5.13,
            7.46,
            5.88,
            8.23,
            10.76,
            13.41
        ],
        [
            2.64,
            0.0,
            2.33,
            2.44,
            3.88,
            5.04,
            6.67,
            7.73,
            10.1,
            8.15,
            10.58,
            12.93,
            15.65
        ],
        [
            2.51,
            2.33,
            0.0,
            2.35,
            3.7,
            3.02,
            5.89,
            7.19,
            9.06,
            6.38,
            8.82,
            10.96,
            13.71
        ],
        [
            4.39,
            2.44,
            2.35,
            0.0,
            1.52,
            5.26,
            8.16,
            9.41,
            11.39,
            8.66,
            11.09,
            13.09,
            15.85
        ],
        [
            5.89,
            3.88,
            3.7,
            1.52,
            0.0,
            6.38,
            9.58,
            10.86,
            12.74,
            9.77,
            12.15,
            13.95,
            16.71
        ],
        [
            3.37,
            5.04,
            3.02,
            5.26,
            6.38,
            0.0,
            4.13,
            5.53,
            6.62,
            3.4,
            5.83,
            7.95,
            10.7
        ],
        [
            4.03,
            6.67,
            5.89,
            8.16,
            9.58,
            4.13,
            0.0,
            1.41,
            3.46,
            3.62,
            5.25,
            8.03,
            10.37
        ],
        [
            5.13,
            7.73,
            7.19,
            9.41,
            10.86,
            5.53,
            1.41,
            0.0,
            2.87,
            4.56,
            5.66,
            8.43,
            10.53
        ],
        [
            7.46,
            10.1,
            9.06,
            11.39,
            12.74,
            6.62,
            3.46,
            2.87,
            0.0,
            4.05,
            3.75,
            6.24,
            7.94
        ],
        [
            5.88,
            8.15,
            6.38,
            8.66,
            9.77,
            3.4,
            3.62,
            4.56,
            4.05,
            0.0,
            2.45,
            4.88,
            7.53
        ],
        [
            8.23,
            10.58,
            8.82,
            11.09,
            12.15,
            5.83,
            5.25,
            5.66,
            3.75,
            2.45,
            0.0,
            2.8,
            5.21
        ],
        [
            10.76,
            12.93,
            10.96,
            13.09,
            13.95,
            7.95,
            8.03,
            8.43,
            6.24,
            4.88,
            2.8,
            0.0,
            2.76
        ],
        [
            13.41,
            15.65,
            13.71,
            15.85,
            16.71,
            10.7,
            10.37,
            10.53,
            7.94,
            7.53,
            5.21,
            2.76,
            0.0
        ]
    ]
}